,,4201497642,1643031727.41386
,,879626561,1643031747.666009
,,2577754951,1643096864.030334
1643097165.084563,,1643097165.078543,1643097165.078609
,,93525613,1643100567.017058
1643100936.80044,403fa3a8a5134251,1643100934.799469,1643100934.799519
,,3495562575,1643111277.514422
,,3502023485,1643120405.348529
,,2542636668,1643120429.478081
,,4278918307,1643254223.413
,,2665516777,1643268071.66863
,,489848927,1643287161.682123
,,1775596128,1643290128.739772
,,1881548758,1643290137.981581
,,2690719332,1643294496.281616
,,2531611669,1643300151.068019
,,29596015,1643306477.914161
,,2769440020,1643340269.882119
,,1621724144,1643354416.168928
1643362218.253277,4cb9abf86e20694b,1643362212.55233,1643362212.553064
